Slovakia:48.8440553:19.4131836
Czechia:49.9025513:15.2859216
Poland:52.1003373:19.0820316
Hungary:47.3007613:19.3728026